474.0000	264.0000
476.0000	264.0000
477.8123	264.8430
478.8274	266.5689
479.2448	268.5276
480.5520	270.0420
481.8189	271.5929
483.0269	273.1809
484.7001	274.2682
486.1471	275.6507
487.5609	277.0611
488.9763	278.4763
489.9918	280.2014
490.9050	281.9791
490.9908	283.9756
490.9990	285.9728
490.4791	287.9010
489.4549	289.6243
489.0504	291.5873
488.7231	293.5622
488.0551	295.4436
487.2180	297.2644
487.0211	299.2550
486.8767	301.2528
486.0737	303.0842
485.4280	304.9768
485.0298	306.9338
485.0031	308.9383
485.0004	310.9409
484.1314	312.7444
484.0126	314.7446
484.0014	316.7427
484.0002	318.7403
484.0000	320.7400
484.0000	322.7400
484.0000	324.7400
484.0000	326.7400
483.3824	328.6397
483.0440	330.6093
483.0049	332.6100
483.0005	334.6100
483.0001	336.6100
483.0000	338.6100
483.2952	340.5903
483.9472	342.4835
484.7872	344.2939
485.1078	346.2715
485.9261	348.0949
485.9922	350.0983
485.9991	352.1010
485.9999	354.1001
486.0000	356.1000
486.0000	358.1000
486.0000	360.1000
486.0000	362.1000
486.0000	364.1000
486.0492	366.0984
486.8977	367.9118
487.9790	369.5945
488.8168	371.4102
488.9798	373.4028
488.9978	375.4003
488.9998	377.4000
489.1968	379.3935
489.9353	381.2538
489.9931	383.2482
489.9993	385.2509
490.7019	387.1274
490.9767	389.1047
490.9975	391.1027
490.9998	393.1003
491.0000	395.1000
491.0000	397.1000
491.0000	399.1000
491.0000	401.1000
491.0000	403.1000
491.0000	405.1000
491.0000	407.1000
490.9508	409.0984
489.7663	410.7132
488.9037	412.5171
488.1746	414.3748
487.4241	416.2258
485.9408	417.5710
483.9740	417.9712
482.1638	417.1140
480.1651	417.0110
478.1672	417.0012
476.3540	417.8515
474.3554	417.9857
472.3573	417.9984
470.5945	418.9478
469.1590	420.3428
467.3768	421.2603
466.4238	423.0164
466.0287	424.9765
465.1295	426.7667
464.6497	428.7060
464.0466	430.6142
464.0049	432.6183
464.0006	434.6209
463.0657	436.3908
461.6713	437.8269
460.3790	439.3553
458.4333	438.8880
457.3462	437.2147
455.6653	436.1366
454.2365	434.7353
452.8187	433.3186
451.2009	432.1402
449.5440	431.0177
447.7776	430.0745
445.7808	430.0079
443.7790	430.0009
441.7799	430.0001
439.8961	430.6832
438.4478	432.0559
436.7143	433.0456
434.9144	433.9282
433.1592	434.8801
431.4052	435.8354
429.4463	436.2592
427.5655	436.9439
425.5617	436.9941
423.5591	436.9993
421.5599	436.9999
419.5600	437.0000
417.5707	437.2147
416.0302	438.4827
414.2377	439.3647
412.7785	440.7260
411.3612	442.1390
409.6129	443.1099
407.7930	443.9299
405.9301	444.6478
403.9550	444.9753
401.9593	444.9846
400.0943	444.2639
398.1110	444.0301
396.3923	445.0456
395.2250	446.6704
394.0691	448.2992
392.3310	449.2811
390.8645	450.6411
388.8925	450.9739
386.9956	451.6003
385.1093	452.2545
383.7361	453.7101
381.7551	453.9717
379.7572	453.9969
377.7597	453.9997
375.7600	454.0000
373.7600	454.0000
371.7600	454.0000
369.7600	454.0000
367.7600	454.0000
365.7600	454.0000
363.7600	454.0000
361.7600	454.0000
359.7675	454.1163
357.9404	454.9234
355.9418	454.9921
353.9391	454.9991
351.9399	454.9999
349.9374	454.9687
348.1276	454.1091
346.2531	453.4147
345.1927	451.7224
344.1082	450.0455
342.3695	449.0634
340.3881	449.3082
338.4961	449.9485
336.4917	449.9946
334.4890	449.9994
332.5079	449.7539
330.5807	449.2329
328.7376	450.0032
326.8926	450.7851
325.0402	451.5508
323.0870	451.9683
321.2925	452.8601
319.6026	453.9278
318.6758	455.7001
316.7211	456.1016
314.9077	456.9352
313.1496	457.8820
311.2242	458.4071
309.3058	458.9576
307.3017	458.9955
305.4819	458.1706
303.7203	457.2215
301.7227	457.1482
300.1438	458.3719
298.2288	458.9578
296.2758	459.3742
294.3663	459.9548
292.3717	459.9951
290.3690	459.9995
288.6019	460.9411
287.1660	462.3358
285.7500	463.7500
284.2857	465.1059
282.7117	466.3455
281.0661	467.4838
279.6253	468.8770
278.7184	470.6570
276.9535	471.6026
274.9740	471.9740
273.3660	473.1575
271.5283	473.9402
269.5309	473.9937
267.5290	473.9993
265.6680	473.2793
264.0374	472.1246
262.0455	472.0122
260.0473	472.0013
258.0497	472.0001
256.3967	470.8684
254.9678	469.4665
254.0693	467.6770
253.2764	465.8370
251.5351	464.8431
250.0351	463.5265
248.2452	462.6420
246.4396	461.7749
244.5736	461.0580
242.5910	460.8032
240.7359	460.0645
238.7318	460.0068
236.7291	460.0008
234.7299	460.0001
232.7300	460.0000
230.7344	460.0885
228.8865	460.8598
227.1592	461.8726
225.5158	463.0098
223.7377	463.9278
221.7408	463.9924
219.7390	463.9992
217.7399	463.9999
215.8648	463.2918
213.8872	462.9773
212.0857	462.1033
210.3267	461.1501
208.6242	460.0930
207.1941	458.6927
205.7763	457.2762
203.9723	456.4072
202.3989	455.1780
200.4026	455.0169
198.4070	455.0018
196.4097	455.0002
194.5807	455.8121
192.5854	455.9818
190.5954	456.1999
189.0444	457.4687
187.6230	458.8776
186.7183	460.6570
185.3652	462.1288
183.9529	463.5468
182.5379	464.9621
181.1227	466.3773
179.3430	467.2817
178.3974	469.0465
177.0083	470.4892
175.9974	472.2182
174.7228	473.7652
173.3113	475.1881
171.8965	476.6035
170.4813	478.0187
168.6971	478.9296
166.8524	479.7109
164.8750	479.9767
162.9802	480.6130
161.0168	480.9731
159.0218	480.9971
157.0191	480.9997
155.0199	481.0000
153.2260	481.8737
151.9133	483.3851
151.0195	485.1711
149.7625	486.7238
148.0316	487.7173
146.0520	487.9691
144.1226	488.4994
142.5611	489.7478
142.0000	491.6700
